4.1944838
2.9752321
3.8285017
3.911155
3.4942303
3.5833569
3.7052257
3.758514
3.7434094
3.475373
4.1976733
3.88892
3.8651843
3.7522283
3.8405104
3.694249
3.451731
3.4020076
3.4021015
3.302092
3.3279858
4.2255373
3.9762642
3.4658973
3.2428932
4.2089314
3.0317104
3.4544516
3.7269912
3.3960035
4.090815
3.731776
3.5582137
3.6635706
4.24871
3.5527723
3.8980205
3.3686087
3.7481003
3.602214
3.4400036
3.9950278
3.5864527
3.6905901
3.49226
4.267661
3.3475935
3.6918097
3.9298246
3.8802888
4.476933
4.3454623
4.694607
4.141542
4.2141
3.9479098
4.1577864
3.9448776
4.3766513
4.403292
3.438055
4.2229805
4.314815
4.2534113
4.348278
4.4606886
4.782976
4.922569
4.0394197
4.871345
4.3817415
4.419103
4.1602774
4.3756766
5.136019
4.4487762
3.9449859
4.5375786
4.2938056
5.030756
4.323587
4.628655
4.344921
3.8360407
4.1171756
4.812757
3.7461555
4.6093783
4.2956467
4.1596274
4.2919645
4.2883906
3.960039
4.42506
4.5940003
4.50953
3.8042018
4.177171
4.0229588
4.188326
4.359324
3.574352
4.1385245
4.3789487
4.405499
3.8886557
3.9117432
3.8649385
4.3445272
4.3381257
3.7807746
4.7353344
4.297408
4.3489347
3.7800398
4.112184
4.399517
4.315983
4.2964635
4.561654
4.1971874
3.6614544
4.3958445
4.142827
3.8983104
4.457131
4.220065
4.122363
4.0523663
4.4727674
4.2518625
4.484311
4.0193095
4.332144
4.146815
4.7130866
4.2207994
4.2469306
3.97261
4.1157517
3.5481162
3.937454
4.0392485
3.8846679
3.9935985
3.9619057
4.4126353
4.678875
4.75244
4.423864
3.9740887
4.2960033
4.869675
4.33498
4.06895
4.640536
4.5321693
4.1506367
4.0613747
5.0907993
4.0110893
4.500439
4.1435003
4.0609355
4.227602
4.6540403
4.137681
3.9471893
4.3076415
3.976065
4.150527
4.6475625
4.295564
3.953118
4.90426
4.666008
4.547211
4.2630653
4.875055
3.9636583
4.530852
4.8386035
4.610452
4.760979
4.2336407
4.3087397
4.325099
4.429622
4.170729
4.1947737
4.221234
4.6582127
4.645257
4.214207
4.520092
3.8062143
4.163922
3.944774
4.6981773
4.533487
4.927857
3.9074054
4.7067084
4.023261
4.7749186
4.3601527
4.5372515
3.9671874
4.2507024
4.4487023
5.0251713
3.9077425
4.211597
4.277784
4.442634
4.5710754
4.2840767
4.633105
4.5200586
4.213732
4.447354
4.78211
4.2302504
4.1635017
4.8204293
4.2169905
3.7316554
4.385549
4.981796
3.9465108
5.503989
4.6918755
4.4701653
4.788403
5.0619173
4.520508
4.671761
4.410833
4.598494
4.3754354
4.820317
4.877964
5.1077647
4.214743
4.137094
4.4270144
3.9086413
3.9925835
4.1341724
4.7586246
4.390366
4.2941375
4.238514
3.9710758
4.457559
3.5239737
4.2518635
4.5456667
4.0916677
4.098676
4.172878
4.4649014
4.257537
4.2069197
3.7465792
4.070197
4.515853
4.4477696
4.5678053
4.20247
3.9579487
3.8010902
4.357548
4.036489
4.399822
4.3801312
4.155968
3.9086661
4.3346314
4.6535764
4.645789
4.4663477
4.7963066
3.9867616
3.8796306
3.886083
4.370453
3.6371121
4.459784
4.486261
4.407387
4.3604407
4.598954
4.0308156
4.2154856
3.9222383
4.1893425
4.1763268
4.1531873
4.017911
