1.4813772
1.5660944
1.5660944
1.4813772
1.5660944
1.4813772
1.5660944
1.5660944
1.5660944
1.4813772
1.5660944
1.4813772
1.4813772
1.5660944
1.5660944
1.5660944
1.4813772
1.5660944
1.5660944
1.5660944
1.5660944
1.5660944
1.4813772
1.5660944
1.4813772
1.4813772
1.5660944
1.4813772
1.4813772
1.4813772
1.5660944
1.5660944
1.4813772
1.5660944
1.4813772
1.5660944
1.4813772
1.4813772
1.5660944
1.4813772
1.4813772
1.5660944
1.5660944
1.4813772
1.4813772
1.5660944
1.5660944
1.5660944
1.5660944
1.4813772
1.441737
1.441737
1.441737
1.441737
1.441737
1.441737
1.441737
1.441737
1.441737
1.441737
1.441737
1.441737
1.441737
1.441737
1.441737
1.441737
1.441737
1.441737
1.441737
1.441737
1.441737
1.441737
1.441737
1.441737
1.441737
1.441737
1.441737
1.441737
1.441737
1.441737
1.441737
1.441737
1.441737
1.441737
1.441737
1.441737
1.441737
1.441737
1.441737
1.441737
1.441737
1.441737
1.441737
1.441737
1.441737
1.441737
1.441737
1.441737
1.441737
1.441737
1.6252493
1.6252493
1.6252493
1.6252493
1.6252493
1.6252493
1.638367
1.6252493
1.638367
1.638367
1.638367
1.6252493
1.6252493
1.638367
1.6252493
1.638367
1.638367
1.638367
1.6252493
1.638367
1.638367
1.638367
1.638367
1.6252493
1.6252493
1.638367
1.638367
1.6252493
1.6252493
1.638367
1.638367
1.6252493
1.638367
1.6252493
1.638367
1.638367
1.6252493
1.638367
1.6252493
1.638367
1.6252493
1.638367
1.638367
1.638367
1.6252493
1.6252493
1.6252493
1.638367
1.638367
1.638367
1.654809
1.654809
1.654809
1.654809
1.654809
1.654809
1.654809
1.654809
1.654809
1.654809
1.654809
1.654809
1.654809
1.654809
1.654809
1.654809
1.654809
1.654809
1.654809
1.654809
1.654809
1.654809
1.654809
1.654809
1.654809
1.654809
1.654809
1.654809
1.654809
1.654809
1.654809
1.654809
1.654809
1.654809
1.654809
1.654809
1.654809
1.654809
1.654809
1.654809
1.654809
1.654809
1.654809
1.654809
1.654809
1.654809
1.654809
1.654809
1.654809
1.654809
1.7392966
1.7392966
1.2963254
1.7392966
1.2963254
1.7392966
1.2963254
1.2963254
1.7392966
1.2963254
1.7392966
1.7392966
1.2963254
1.7392966
1.2963254
1.2963254
1.2963254
1.7392966
1.7392966
1.2963254
1.2963254
1.7392966
1.2963254
1.2963254
1.7392966
1.2963254
1.2963254
1.2963254
1.2963254
1.2963254
1.7392966
1.7392966
1.2963254
1.2963254
1.7392966
1.7392966
1.2963254
1.7392966
1.7392966
1.7392966
1.7392966
1.2963254
1.7392966
1.7392966
1.2963254
1.2963254
1.7392966
1.7392966
1.7392966
1.2963254
1.8196685
1.8196685
1.8196685
1.8196685
1.8196685
1.8196685
1.8196685
1.8196685
1.8196685
1.8196685
1.8196685
1.8196685
1.8196685
1.8196685
1.8196685
1.8196685
1.8196685
1.8196685
1.8196685
1.8196685
1.8196685
1.8196685
1.8196685
1.8196685
1.8196685
1.8196685
1.8196685
1.8196685
1.8196685
1.8196685
1.8196685
1.8196685
1.8196685
1.8196685
1.8196685
1.8196685
1.8196685
1.8196685
1.8196685
1.8196685
1.8196685
1.8196685
1.8196685
1.8196685
1.8196685
1.8196685
1.8196685
1.8196685
1.8196685
1.8196685
