1.8650905
1.8352566
1.8650905
1.8650905
1.8650905
1.8650905
1.8650905
1.8352566
1.8650905
1.8650905
1.8650905
1.8650905
1.8352566
1.8650905
1.8650905
1.8650905
1.8352566
1.8352566
1.8352566
1.8650905
1.8650905
1.8650905
1.8352566
1.8650905
1.8650905
1.8650905
1.8650905
1.8352566
1.8650905
1.8352566
1.8650905
1.8650905
1.8352566
1.8352566
1.8352566
1.8352566
1.8650905
1.8352566
1.8352566
1.8650905
1.8650905
1.8650905
1.8650905
1.8650905
1.8650905
1.8650905
1.8650905
1.8650905
1.8352566
1.8352566
1.5958414
1.5958414
1.5958414
1.5958414
1.5958414
1.5958414
1.5958414
1.5958414
1.5958414
1.5958414
1.5958414
1.5958414
1.5958414
1.5958414
1.5958414
1.5958414
1.5958414
1.5958414
1.5958414
1.5958414
1.5958414
1.5958414
1.5958414
1.5958414
1.5958414
1.5958414
1.5958414
1.5958414
1.5958414
1.5958414
1.5958414
1.5958414
1.5958414
1.5958414
1.5958414
1.5958414
1.5958414
1.5958414
1.5958414
1.5958414
1.5958414
1.5958414
1.5958414
1.5958414
1.5958414
1.5958414
1.5958414
1.5958414
1.5958414
1.5958414
1.8286284
1.8001889
1.8001889
1.8001889
1.8001889
1.8001889
1.8286284
1.8286284
1.8286284
1.8001889
1.8286284
1.8001889
1.8286284
1.8286284
1.8286284
1.8286284
1.8286284
1.8001889
1.8286284
1.8286284
1.8286284
1.8001889
1.8001889
1.8286284
1.8286284
1.8286284
1.8286284
1.8286284
1.8286284
1.8286284
1.8001889
1.8001889
1.8286284
1.8286284
1.8286284
1.8001889
1.8286284
1.8286284
1.8001889
1.8001889
1.8286284
1.8286284
1.8001889
1.8001889
1.8001889
1.8001889
1.8286284
1.8286284
1.8001889
1.8001889
1.7725077
1.7725077
1.7725077
1.7725077
1.7725077
1.7725077
1.7725077
1.7725077
1.7725077
1.7725077
1.7725077
1.7725077
1.7725077
1.7725077
1.7725077
1.7725077
1.7725077
1.7725077
1.7725077
1.7725077
1.7725077
1.7725077
1.7725077
1.7725077
1.7725077
1.7725077
1.7725077
1.7725077
1.7725077
1.7725077
1.7725077
1.7725077
1.7725077
1.7725077
1.7725077
1.7725077
1.7725077
1.7725077
1.7725077
1.7725077
1.7725077
1.7725077
1.7725077
1.7725077
1.7725077
1.7725077
1.7725077
1.7725077
1.7725077
1.7725077
1.8573997
1.8573997
1.8573997
2.2909315
1.8573997
1.8573997
2.2909315
2.2909315
2.2909315
2.2909315
1.8573997
2.2909315
1.8573997
2.2909315
1.8573997
1.8573997
2.2909315
2.2909315
1.8573997
2.2909315
2.2909315
2.2909315
1.8573997
1.8573997
2.2909315
1.8573997
2.2909315
1.8573997
1.8573997
2.2909315
2.2909315
2.2909315
2.2909315
2.2909315
2.2909315
2.2909315
2.2909315
1.8573997
2.2909315
1.8573997
2.2909315
2.2909315
2.2909315
1.8573997
2.2909315
2.2909315
2.2909315
1.8573997
2.2909315
1.8573997
1.6883969
1.6883969
1.6883969
1.6883969
1.6883969
1.6883969
1.6883969
1.6883969
1.6883969
1.6883969
1.6883969
1.6883969
1.6883969
1.6883969
1.6883969
1.6883969
1.6883969
1.6883969
1.6883969
1.6883969
1.6883969
1.6883969
1.6883969
1.6883969
1.6883969
1.6883969
1.6883969
1.6883969
1.6883969
1.6883969
1.6883969
1.6883969
1.6883969
1.6883969
1.6883969
1.6883969
1.6883969
1.6883969
1.6883969
1.6883969
1.6883969
1.6883969
1.6883969
1.6883969
1.6883969
1.6883969
1.6883969
1.6883969
1.6883969
1.6883969
