1.868937
1.8082372
2.0341496
1.8423867
1.9703537
2.052444
1.9725115
1.9637865
1.8075805
1.8805704
1.7466929
1.698377
2.054414
1.809363
1.9012102
1.9950277
1.5753824
1.6600994
1.9702599
1.8048598
1.539075
2.1652124
1.8345999
2.0077868
1.9692279
2.0010319
1.7542921
1.8240923
2.137161
2.1668074
1.9747632
1.9510273
2.104325
1.6359884
1.8559903
1.7200488
1.9401444
1.8960503
2.0015948
1.8068299
1.8050474
1.7277418
1.8772868
1.7373112
1.965569
1.5614973
1.8922038
1.5908622
1.9854583
2.0254245
2.1621182
1.8253195
1.9045917
1.7604505
1.995235
2.173381
2.2147498
1.9625298
2.1596274
2.1991553
2.0101798
2.0433183
2.3065844
1.9546242
1.8331168
2.363331
1.7841672
2.0690925
1.9055663
1.7916396
2.041802
2.1632013
1.9003682
1.8140568
2.2065194
2.190925
2.1434915
1.7169157
2.1911414
1.9722763
1.9111978
1.9470435
1.8310591
1.8215292
1.9956682
1.7973793
2.2677064
1.8215292
1.8912714
2.1632013
2.1302793
1.6897336
2.2066276
1.7229803
2.2006714
1.9603639
2.1966646
1.855967
2.2451808
2.3166559
1.81656
2.201595
2.0101795
2.1326478
2.3961592
1.8677721
2.1441915
2.0242417
2.0363102
2.106727
2.2283556
2.3244832
1.7589464
1.8829888
1.9043971
1.8355546
1.6394166
2.1386294
1.7227411
2.0791268
2.4486306
1.9197187
1.9131074
2.1452408
1.939448
2.0646448
2.060342
2.1642356
1.7102529
1.8957918
1.910169
1.9971665
1.6252493
1.9494176
2.0973868
1.9280093
1.7719593
2.322699
1.9068108
1.6681708
2.0209885
2.2756848
1.7636688
2.2998216
1.5901984
1.9628502
1.8342953
1.7252598
1.6939868
1.82569
2.0199823
1.8364075
2.091019
2.001098
1.8130215
1.5731225
2.4151297
1.9625604
2.0572026
1.8162055
2.102657
2.1785243
2.041502
2.5272288
1.8309178
2.360123
2.118687
1.82444
1.5853096
2.0903602
1.7287
2.1683135
2.215964
1.7996267
1.768116
1.8853755
2.3706632
2.3268554
1.7853535
1.870773
2.203228
2.0532498
2.1756697
1.9513614
1.7427536
1.9030522
2.2311156
2.0487483
2.35628
1.9599253
1.7772288
1.9777119
1.9625604
1.8988801
2.0346947
2.1346068
1.650527
2.144159
1.976065
1.648441
2.0122485
2.116867
2.368356
1.9216766
1.9910102
2.1765368
2.108102
1.931453
2.276885
2.0464096
1.9568491
2.0346107
1.911563
1.9497696
2.089336
1.9906731
1.815822
2.1181033
1.9706708
2.0888865
2.1858635
2.1755254
2.2966626
2.1021464
1.746376
1.9365097
1.8645915
1.9283066
1.8704349
1.765704
1.8538038
2.2094617
2.2807057
2.3086863
2.337229
2.258793
2.2996967
2.0806832
2.5768063
1.7887403
2.0586584
2.2474434
1.708956
2.2764356
2.3310485
1.7580627
1.9544892
1.9345994
1.8853804
2.2934039
2.3427522
2.1290467
1.9066637
1.9439315
1.9777505
1.9811993
1.869396
1.7759484
1.8356881
1.9966626
2.2339525
2.126488
2.0315943
2.1138058
1.9043275
2.0651908
1.8500389
1.8790745
2.4261875
1.9560574
2.2039158
2.3567693
1.9600623
1.7295583
2.09189
1.9460452
2.3935921
2.015352
2.1187007
2.078763
1.8741796
1.9279119
1.7835132
2.3141618
2.0151296
1.9978863
1.6859494
1.9091111
1.9708532
2.1784403
1.8988764
2.2248304
2.063967
1.9618423
1.9863166
1.8592725
2.0478363
2.2495272
2.1640894
2.0776505
