3.8131156
3.5902054
3.7991369
3.514495
3.9818933
3.614598
3.729712
3.8395722
3.8141477
3.7357163
3.3860588
3.2824843
3.2211277
4.117366
3.4871938
3.3157895
3.6581292
4.119899
3.6720142
3.1442912
3.4584858
3.4893517
3.5398254
3.6575663
4.07496
3.7423773
3.414204
3.9220376
3.4856927
3.2792008
3.8043907
3.616662
3.5237827
3.398818
3.506708
3.8315978
3.6251993
3.2349188
3.5932076
3.634581
3.743503
3.7630172
3.7535417
3.5402946
3.540107
3.6018388
3.7056947
4.049348
4.2987146
3.475842
4.355859
4.0734243
4.7274203
3.7812433
4.454516
4.221031
3.9803984
3.7981374
4.428092
4.1685076
4.271497
4.2234135
3.9491012
4.478016
4.4453106
4.4998918
4.109162
4.452242
4.1138186
4.6690493
4.516894
4.304202
4.54256
3.9733593
3.9993503
4.3809834
3.827702
4.697856
4.1319036
4.6791205
4.0730996
4.373836
4.0812216
4.1131687
3.5914013
5.1823697
4.3589993
4.5361705
4.569309
4.024258
5.0269656
4.4313407
4.0581546
4.4564652
4.2211394
4.4931774
4.8003035
3.7807016
4.040069
4.607429
4.4998426
4.0797567
4.5592403
4.2192254
4.2494493
3.8744884
3.706475
4.0838494
4.0434465
4.062966
3.8008184
3.9203484
3.926435
4.15563
4.3529224
4.040823
4.451884
4.258159
4.3837757
4.113233
4.4841013
4.3183966
4.535733
3.668171
4.601427
4.2169166
3.9133172
4.328891
3.8341904
4.157939
3.9459546
4.415259
4.108616
4.135796
3.994333
3.8724945
4.143247
3.8838284
4.188372
3.8342953
4.029384
4.231504
4.041872
3.877007
4.243677
4.3198657
4.3993073
3.7245252
4.4065485
4.7734284
4.5055995
4.7057533
4.8753843
4.18632
4.5444665
4.7622967
3.7975407
4.1795125
3.9368687
3.9441152
4.1539307
4.730237
4.7546115
4.2232103
4.233092
4.7285905
4.709596
4.5737815
4.589372
3.8050065
4.1277995
4.45751
4.4785905
4.0460033
4.6066093
4.376153
4.1358147
4.1139655
4.5843215
4.1623845
4.9404917
4.209157
4.8922925
4.3722005
4.910299
4.4864955
4.4178743
4.6284585
4.525033
4.1754503
3.9588275
4.001427
3.8689065
4.334431
4.890536
4.2873297
4.290294
4.132411
4.779095
4.2784367
4.620182
4.6200695
4.438476
4.9267335
3.8663895
4.814698
4.1842904
4.428812
4.404652
4.386785
4.195752
4.4988203
4.4364533
4.258231
4.311945
4.9569616
4.230363
4.679964
4.531296
4.3729634
4.543657
4.313743
4.111136
4.4608383
4.3112707
4.2941904
4.947185
3.7884033
5.0315766
4.955725
4.2000227
3.9803348
4.9313407
4.393752
4.2075515
4.733566
4.7115407
4.664569
4.925048
4.089336
3.8250365
4.6075964
4.9434767
3.9234746
4.4597144
4.2810426
4.6870437
4.2746377
4.3147545
4.774132
4.277339
3.915007
4.1541886
3.7679386
4.5607967
4.7747245
4.289131
4.1911225
4.330404
4.7659364
3.9700747
4.054956
3.8533764
4.369674
4.3945932
4.4161754
4.3276224
4.158193
4.334186
4.2753367
5.0129046
4.0763154
4.0875516
4.465569
4.3229504
3.9753032
4.4944935
4.1826677
4.2820115
4.4889307
4.566915
4.4242964
4.0333743
4.534765
4.1831126
4.0677495
4.3572145
4.6117477
4.042719
4.1965737
4.1953497
4.0773168
4.635332
4.2942486
4.4622316
3.9919903
3.7647123
4.125709
4.3103795
4.461119
