1.8650905
1.8352566
1.8650905
1.8352566
1.8352566
1.8650905
1.8352566
1.8650905
1.8352566
1.8650905
1.8650905
1.8650905
1.8352566
1.8650905
1.8352566
1.8650905
1.8352566
1.8650905
1.8352566
1.8352566
1.8352566
1.8650905
1.8352566
1.8650905
1.8650905
1.8352566
1.8650905
1.8650905
1.8650905
1.8650905
1.8650905
1.8352566
1.8352566
1.8650905
1.8352566
1.8650905
1.8352566
1.8352566
1.8650905
1.8650905
1.8352566
1.8650905
1.8352566
1.8352566
1.8650905
1.8650905
1.8650905
1.8352566
1.8650905
1.8650905
1.5958414
1.5958414
1.5958414
1.5958414
1.5958414
1.5958414
1.5958414
1.5958414
1.5958414
1.5958414
1.5958414
1.5958414
1.5958414
1.5958414
1.5958414
1.5958414
1.5958414
1.5958414
1.5958414
1.5958414
1.5958414
1.5958414
1.5958414
1.5958414
1.5958414
1.5958414
1.5958414
1.5958414
1.5958414
1.5958414
1.5958414
1.5958414
1.5958414
1.5958414
1.5958414
1.5958414
1.5958414
1.5958414
1.5958414
1.5958414
1.5958414
1.5958414
1.5958414
1.5958414
1.5958414
1.5958414
1.5958414
1.5958414
1.5958414
1.5958414
1.8082695
1.8082695
1.8082695
1.8082695
1.8082695
1.8286284
1.8082695
1.8286284
1.8082695
1.8082695
1.8082695
1.8082695
1.8082695
1.8082695
1.8286284
1.8082695
1.8286284
1.8082695
1.8286284
1.8286284
1.8286284
1.8286284
1.8286284
1.8082695
1.8082695
1.8286284
1.8286284
1.8286284
1.8286284
1.8286284
1.8286284
1.8286284
1.8286284
1.8286284
1.8082695
1.8082695
1.8286284
1.8286284
1.8286284
1.8082695
1.8286284
1.8286284
1.8082695
1.8286284
1.8082695
1.8082695
1.8082695
1.8082695
1.8286284
1.8286284
1.7725077
1.7725077
1.7725077
1.7725077
1.7725077
1.7725077
1.7725077
1.7725077
1.7725077
1.7725077
1.7725077
1.7725077
1.7725077
1.7725077
1.7725077
1.7725077
1.7725077
1.7725077
1.7725077
1.7725077
1.7725077
1.7725077
1.7725077
1.7725077
1.7725077
1.7725077
1.7725077
1.7725077
1.7725077
1.7725077
1.7725077
1.7725077
1.7725077
1.7725077
1.7725077
1.7725077
1.7725077
1.7725077
1.7725077
1.7725077
1.7725077
1.7725077
1.7725077
1.7725077
1.7725077
1.7725077
1.7725077
1.7725077
1.7725077
1.7725077
2.4657826
2.4657826
2.4657826
2.4657826
1.8573997
2.4657826
1.8573997
2.4657826
1.8573997
2.4657826
2.4657826
1.8573997
2.4657826
1.8573997
2.4657826
2.4657826
2.4657826
2.4657826
2.4657826
1.8573997
2.4657826
2.4657826
2.4657826
1.8573997
2.4657826
2.4657826
2.4657826
1.8573997
2.4657826
2.4657826
1.8573997
1.8573997
1.8573997
1.8573997
1.8573997
2.4657826
2.4657826
1.8573997
1.8573997
2.4657826
1.8573997
1.8573997
1.8573997
2.4657826
1.8573997
1.8573997
2.4657826
2.4657826
1.8573997
2.4657826
1.7735009
1.7735009
1.7735009
1.7735009
1.7735009
1.7735009
1.7735009
1.7735009
1.7735009
1.7735009
1.7735009
1.7735009
1.7735009
1.7735009
1.7735009
1.7735009
1.7735009
1.7735009
1.7735009
1.7735009
1.7735009
1.7735009
1.7735009
1.7735009
1.7735009
1.7735009
1.7735009
1.7735009
1.7735009
1.7735009
1.7735009
1.7735009
1.7735009
1.7735009
1.7735009
1.7735009
1.7735009
1.7735009
1.7735009
1.7735009
1.7735009
1.7735009
1.7735009
1.7735009
1.7735009
1.7735009
1.7735009
1.7735009
1.7735009
1.7735009
