2.1305938
1.7353411
1.9894924
2.0154798
1.8796322
1.800075
1.8029834
1.7433155
1.6809269
2.1051693
1.6607561
1.5170279
1.6854302
1.8161179
1.7089783
1.6832724
2.0042217
1.7993245
2.036026
1.9993433
1.7267098
2.0357444
2.0860305
1.859743
1.8835726
1.6315789
1.7999812
1.5424523
1.6002439
1.6216342
1.7023172
2.0578854
1.9122807
1.8942678
2.090909
1.8002627
1.5864527
1.9433342
1.6624448
1.6163806
1.6118773
1.9017731
1.5618726
2.0211089
1.8864809
2.009663
1.5855145
1.887982
1.8121775
1.6622572
1.8748105
2.1725147
2.1884341
1.9106562
2.0503573
1.9136885
2.2237384
1.8444878
2.0140784
1.8513104
1.9513754
2.1159844
2.3161144
1.9130387
2.0749404
2.0573967
1.8787091
1.8783842
1.943903
1.958956
2.08577
1.8341997
2.1949317
2.1128438
2.0918345
2.1432748
2.094542
1.9888456
2.1791205
1.7392246
1.8744856
1.9655621
2.0765648
2.186268
2.0485163
1.9572233
2.0572882
2.2369504
1.9397877
2.1438162
2.4381633
2.0056314
2.025991
2.2322936
2.1747887
2.1480398
1.9661036
2.0386615
2.3187134
1.993069
1.9529856
2.0028334
2.1684332
2.088467
1.9068108
2.1773534
1.8754328
2.1280303
1.9619057
2.1991816
1.9795362
1.9551895
1.6491762
2.0553048
1.7241054
1.6615595
2.1756742
2.0882568
2.093714
1.8773218
1.9223423
2.2449365
2.0363102
2.1384196
1.81656
1.7805645
2.1605625
2.0344212
2.1590934
1.8821492
2.2757897
1.9425963
2.414839
2.279043
1.8498268
2.2213244
1.873334
1.9033477
1.8335607
1.9402876
1.684542
1.9565537
2.152167
1.7481372
1.8453143
1.8781614
2.236751
1.77983
1.849512
1.6840172
1.6520641
2.2557092
1.7068511
2.092446
2.0809178
1.9664031
2.2070706
1.7918314
2.0118577
2.0944226
2.116052
2.215415
2.2597716
2.0225077
2.0736716
1.8118138
2.3364077
2.1435003
1.8683575
2.03722
1.7703118
1.9597057
1.9059069
2.0129557
2.0935442
2.320707
1.9661835
2.1045234
1.9119456
2.0653272
2.1204436
1.9000878
1.8637462
2.065986
1.985617
1.9119456
1.855841
1.9038209
1.8897673
2.205314
2.0572026
1.9050286
1.974967
2.061704
1.9743083
1.9373078
2.320158
2.006368
1.7722881
1.9524593
1.8002023
2.1541746
1.9925834
2.0792224
2.1567593
1.8717834
2.3992584
2.4309473
2.0856276
2.3457692
2.1656365
1.894932
2.2251937
2.0514665
1.9039218
2.1057422
2.2810428
1.8009889
2.162715
1.9239241
2.256883
2.2766602
2.275986
2.6260254
1.9058322
2.1284413
2.002697
2.220699
2.0645015
2.0545006
2.1459715
1.963479
2.3761096
2.5369143
2.1885605
1.7534554
2.5076976
2.2890213
1.972244
1.7343522
1.8742555
2.1481066
2.3328464
2.0715811
2.2671087
2.0892236
2.0427015
2.2337341
2.476121
2.2565458
1.6396707
1.8588275
1.9893203
2.0768716
2.1736567
2.0169096
2.1019022
1.9006563
2.2715542
2.2356212
2.1915674
1.8148849
2.0201356
1.7642674
2.0586271
2.2145956
2.2478585
1.9963288
1.7803982
2.0448325
1.8549339
1.9134498
1.8016465
2.0916677
1.8281232
1.8938702
1.7074202
2.1555233
2.3168316
2.2419624
2.114362
2.0977862
1.8173323
2.083324
1.8696184
2.0987873
1.9304706
2.0150185
2.2412949
2.1723218
1.8558238
2.340416
2.0560684
2.176994
2.391256
2.278674
1.882078
2.266548
1.7864056
1.7482479
