1.5660944
1.4055728
1.5660944
1.5660944
1.5660944
1.5660944
1.4055728
1.4055728
1.4055728
1.5660944
1.5660944
1.5660944
1.4055728
1.5660944
1.5660944
1.5660944
1.4055728
1.4055728
1.4055728
1.4055728
1.4055728
1.4055728
1.4055728
1.5660944
1.4055728
1.5660944
1.5660944
1.4055728
1.5660944
1.4055728
1.5660944
1.4055728
1.4055728
1.4055728
1.5660944
1.5660944
1.5660944
1.4055728
1.5660944
1.5660944
1.5660944
1.5660944
1.5660944
1.5660944
1.5660944
1.4055728
1.5660944
1.5660944
1.5660944
1.5660944
1.441737
1.441737
1.441737
1.441737
1.441737
1.441737
1.441737
1.441737
1.441737
1.441737
1.441737
1.441737
1.441737
1.441737
1.441737
1.441737
1.441737
1.441737
1.441737
1.441737
1.441737
1.441737
1.441737
1.441737
1.441737
1.441737
1.441737
1.441737
1.441737
1.441737
1.441737
1.441737
1.441737
1.441737
1.441737
1.441737
1.441737
1.441737
1.441737
1.441737
1.441737
1.441737
1.441737
1.441737
1.441737
1.441737
1.441737
1.441737
1.441737
1.441737
1.5740372
1.5740372
1.5740372
1.7104628
1.5740372
1.7104628
1.7104628
1.7104628
1.5740372
1.7104628
1.7104628
1.5740372
1.5740372
1.5740372
1.5740372
1.7104628
1.7104628
1.7104628
1.5740372
1.5740372
1.5740372
1.7104628
1.7104628
1.7104628
1.5740372
1.5740372
1.7104628
1.7104628
1.5740372
1.5740372
1.5740372
1.5740372
1.5740372
1.5740372
1.7104628
1.5740372
1.7104628
1.5740372
1.5740372
1.5740372
1.7104628
1.7104628
1.5740372
1.5740372
1.5740372
1.5740372
1.5740372
1.5740372
1.7104628
1.5740372
1.6102327
1.6102327
1.6102327
1.6102327
1.6102327
1.6102327
1.6102327
1.6102327
1.6102327
1.6102327
1.6102327
1.6102327
1.6102327
1.6102327
1.6102327
1.6102327
1.6102327
1.6102327
1.6102327
1.6102327
1.6102327
1.6102327
1.6102327
1.6102327
1.6102327
1.6102327
1.6102327
1.6102327
1.6102327
1.6102327
1.6102327
1.6102327
1.6102327
1.6102327
1.6102327
1.6102327
1.6102327
1.6102327
1.6102327
1.6102327
1.6102327
1.6102327
1.6102327
1.6102327
1.6102327
1.6102327
1.6102327
1.6102327
1.6102327
1.6102327
1.424205
1.6698506
1.424205
1.424205
1.424205
1.424205
1.6698506
1.6698506
1.6698506
1.6698506
1.6698506
1.424205
1.6698506
1.424205
1.6698506
1.6698506
1.6698506
1.6698506
1.6698506
1.6698506
1.424205
1.424205
1.6698506
1.6698506
1.424205
1.6698506
1.6698506
1.424205
1.424205
1.6698506
1.424205
1.424205
1.424205
1.6698506
1.424205
1.424205
1.6698506
1.6698506
1.424205
1.6698506
1.6698506
1.424205
1.6698506
1.424205
1.424205
1.6698506
1.424205
1.6698506
1.6698506
1.424205
1.9116699
1.9116699
1.9116699
1.9116699
1.9116699
1.9116699
1.9116699
1.9116699
1.9116699
1.9116699
1.9116699
1.9116699
1.9116699
1.9116699
1.9116699
1.9116699
1.9116699
1.9116699
1.9116699
1.9116699
1.9116699
1.9116699
1.9116699
1.9116699
1.9116699
1.9116699
1.9116699
1.9116699
1.9116699
1.9116699
1.9116699
1.9116699
1.9116699
1.9116699
1.9116699
1.9116699
1.9116699
1.9116699
1.9116699
1.9116699
1.9116699
1.9116699
1.9116699
1.9116699
1.9116699
1.9116699
1.9116699
1.9116699
1.9116699
1.9116699
