1.1824749
1.1824749
1.2488629
1.2534113
1.2548192
1.2578514
1.2622916
1.2630496
1.26684
1.270522
1.2727962
1.273446
1.2801603
1.2825428
1.2844921
1.2846004
1.2852502
1.2874161
1.2876327
1.2908815
1.2909899
1.2930474
1.2939138
1.29543
1.2960798
1.296188
1.2966212
1.2979207
1.2985705
1.2995452
1.3004116
1.3012779
1.3025774
1.3043102
1.3043102
1.306801
1.3083171
1.3084254
1.3109162
1.0460255
1.0527399
1.0552306
1.055339
1.0554472
1.0557722
1.0578297
1.0579381
1.059021
1.0592376
1.0593458
1.0598874
1.0617284
1.061945
1.062703
1.0632446
1.0632446
1.0636777
1.0645441
1.0648689
1.0653021
1.0655187
1.0663851
1.0666016
1.0668182
1.0676847
1.0684427
1.0684427
1.0689842
1.0694174
1.0695257
1.0698506
1.0699588
1.0700672
1.0706086
1.0709335
1.0709335
1.0713667
1.0715833
1.0716916
1.0717999
1.0725579
1.0725579
1.0726663
1.0727745
1.0728828
1.0730994
1.0730994
1.0732077
1.073316
1.0734243
1.0737492
1.074074
1.074399
1.0747238
1.0750487
1.075157
1.0752653
1.0753736
1.0755903
1.0755903
1.0756985
1.0761317
1.0767815
1.0767815
1.0768898
1.0768898
1.076998
1.076998
1.0774312
1.0775396
1.0777562
1.0778644
1.0778644
1.0778644
1.078081
1.078081
1.0781893
1.0782976
1.0784059
1.0786225
1.0786225
1.0789474
1.0789474
1.0790557
1.0790557
1.0792723
1.0792723
1.0792723
1.0792723
1.0792723
1.0794889
1.0795971
1.0795971
1.0797055
1.0799221
1.0799221
1.0803552
1.0803552
1.0807884
1.0807884
1.0808967
1.0811132
1.0813298
1.0813298
1.0814382
1.0815464
1.0816548
1.0816548
1.081763
1.0819796
1.0819796
1.082088
1.0824128
1.0827377
1.0827377
1.0827377
1.0830626
1.0833875
1.0837123
1.0837123
1.083929
1.083929
1.083929
1.0841455
1.0841455
1.0842538
1.0843621
1.0844704
1.0844704
1.084687
1.0847954
1.0849036
1.0849036
1.0851202
1.0851202
1.0853368
1.085445
1.0855534
1.0855534
1.0856616
1.0858783
1.0858783
1.0862032
1.0863115
1.0863115
1.0863115
1.0865281
1.0865281
1.0866363
1.0866363
1.0868529
1.0868529
1.0872861
1.0872861
1.0877193
1.0877193
1.0877193
1.0878276
1.0878276
1.0878276
1.0880442
1.0880442
1.0880442
1.0880442
1.0882608
1.0882608
1.088369
1.0884774
1.0885856
1.0885856
1.088694
1.088694
1.088694
1.088694
1.0889106
1.0890188
1.0892354
1.0892354
1.089452
1.089452
1.089452
1.0895603
1.0896686
1.0897769
1.0897769
1.0898852
1.0898852
1.0898852
1.0902101
1.0904267
1.0904267
1.0905349
1.0905349
1.0906433
1.0906433
1.0906433
1.0907515
1.0907515
1.0908599
1.0909681
1.0911847
1.0911847
1.0912931
1.0912931
1.0912931
1.0914013
1.0914013
1.0915096
1.091618
1.0917262
1.0917262
1.0919428
1.0919428
1.0919428
1.0920511
1.0920511
1.0922678
1.0922678
1.092376
1.0924844
1.0925926
1.0928092
1.0929174
1.0929174
1.0929174
1.0930258
1.0930258
1.093134
1.093134
1.0932424
1.0933506
1.0933506
1.0933506
1.0933506
1.0935673
1.0936755
1.0936755
1.0937839
1.0937839
1.0938921
1.0938921
1.0938921
1.0941087
1.0941087
1.0942171
1.0942171
1.0942171
1.0942171
1.0942171
1.0943253
1.0943253
1.0944337
1.0945419
1.0945419
1.0946501
1.0946501
1.0946501
1.0946501
1.0947585
1.0947585
1.0948668
1.0949751
1.0949751
1.0951917
1.0951917
1.0953
1.0953
1.0956249
1.0957332
1.0957332
1.0957332
1.0958414
1.0958414
1.0959498
1.0959498
1.0959498
1.0959498
1.096058
1.096058
1.0961664
1.0961664
1.0961664
1.0962746
1.0962746
1.0962746
1.0962746
1.0962746
1.096383
1.096383
1.0964912
1.0964912
1.0964912
1.0967078
1.0968161
1.0968161
1.0969244
1.0970327
1.097141
1.0972493
1.0972493
1.0972493
1.0972493
1.0972493
1.0973576
1.0974659
1.0974659
1.0975742
1.0975742
1.0976825
1.0976825
1.0977907
1.0977907
1.0977907
1.0978991
1.0978991
1.0980073
1.0981157
1.0982239
1.0982239
1.0982239
1.0982239
1.403715
1.5220904
1.5220904
1.403715
1.5220904
1.5220904
1.2933685
1.3151076
1.3265262
1.3357488
1.3427756
1.3440931
1.3513395
1.1269214
1.1332895
1.1352657
1.1391084
1.1454765
1.1514053
1.1537111
1.1562363
1.1590909
1.1615064
1.1620554
1.1629337
1.1630435
1.1642512
1.1645806
1.1651295
1.1653491
1.1666666
1.1672156
1.1678745
1.1679842
1.1679842
1.1682038
1.1682038
1.169192
1.1694115
1.1694115
1.1696311
1.1700703
1.1705095
1.170729
1.1721563
1.1721563
1.1729249
1.1735836
1.1751208
1.1752306
1.1766579
1.1768775
1.177646
1.1784146
1.1791831
1.1797321
1.180281
1.1811594
1.1817083
1.1818181
1.1828064
1.183026
1.183026
1.205641
1.2077762
1.2484549
1.2537364
1.2562085
1.2650859
1.1042814
1.1247331
1.1387796
1.1415889
1.143724
1.1456343
1.1466457
1.1482189
1.1487807
1.1509159
1.1519272
1.1520395
1.1550736
1.1551859
1.156422
1.156984
1.1575458
1.1585572
1.1587819
1.2847925
1.286795
1.3069307
1.3152742
1.3173879
1.3188342
1.3242853
1.3258427
1.3310713
1.3328513
1.33363
1.33452
1.3346312
1.3355212
1.3360775
1.3364111
1.3381912
1.3391924
1.3399711
1.3406385
1.342641
1.3444209
1.3465346
1.3469796
1.3472022
1.3473134
1.3488709
1.0812104
1.085549
1.0927801
1.0943376
1.097675
1.1011236
1.1019024
1.1023473
1.1024586
1.103126
1.1034598
1.1042385
1.1069084
1.1082435
1.1091334
1.1094671
1.1123595
1.1125821
1.1138058
1.1145844
1.1150295
1.1159195
1.1171432
1.1172544
1.1174769
1.1175882
1.1178106
1.1178106
1.1189232
1.1190344
1.1197019
1.1198131
1.1198131
1.1201469
1.1204805
1.1207031
1.1208143
1.1209255
1.1209255
1.1213706
1.1217043
1.1217043
1.1219268
1.1219268
1.122038
1.1225942
1.1227056
1.1227056
1.1228168
1.122928
1.1230392
1.1232618
1.1234843
1.1235955
1.123818
1.123818
1.1240405
1.1241517
1.1243743
1.1244855
1.1244855
1.1244855
1.1253755
1.1254867
1.125598
1.1257092
1.1259317
1.1259317
1.126043
1.126043
1.1263766
1.1268216
1.1272666
1.1273779
1.1273779
1.1273779
1.1280454
1.1280454
1.1282679
1.1282679
1.1283791
1.1286017
1.1290466
1.1290466
1.1291579
1.1292691
1.1293803
1.1297141
1.1300478
1.1301591
1.1302704
1.1304928
1.1304928
1.1308266
1.1308266
1.131494
1.1316053
1.1317165
1.1320503
1.1321615
1.1323841
1.1324953
1.1328291
1.1328291
1.1329403
1.1331627
1.1333853
1.1334965
1.1338302
1.1338302
1.1340528
1.1342752
1.1343864
1.1347202
1.1348314
1.1348314
1.1348314
1.135054
1.1351652
