1.012853
1.0150108
1.0165119
1.0183883
1.0217656
1.02261
1.0268317
1.0270194
1.0286143
1.0287081
1.0297401
1.0311474
1.0318979
1.0319917
1.0322732
1.0330237
1.0338681
1.0345248
1.0356506
1.0356506
1.0358382
1.0386528
1.0387466
1.0393095
1.0403415
1.0408106
1.0412797
1.0414673
1.0414673
1.041655
1.0423117
1.0427808
1.0429684
1.043156
1.0442818
1.0445633
1.04522
1.0453138
1.0454077
1.0456891
1.0465335
1.0469087
1.0475655
1.0475655
1.0479407
1.0479407
1.0481284
1.0482222
1.048316
1.0488789
1.0490665
1.0494418
1.0495356
1.0496294
1.0497233
1.05038
1.0507553
1.0510367
1.0515996
1.0516934
1.0520687
1.0522563
1.0522563
1.0523502
1.052444
1.052444
1.0527254
1.0528193
1.0532883
1.0533822
1.053476
1.0535698
1.0536636
1.0537574
1.0538512
1.0538512
1.0539451
1.0541327
1.0546956
1.0547894
1.054977
1.0550709
1.0553523
1.0561029
1.056572
1.0566658
1.0567596
1.0568534
1.0569472
1.057041
1.057041
1.0572287
1.0572287
1.0572287
1.0573225
1.0574163
1.057604
1.057604
1.0577916
1.0578854
1.0578854
1.0578854
1.058073
1.0581669
1.0583545
1.0583545
1.0585421
1.0585421
1.0585421
1.058636
1.0587298
1.0588236
1.0589174
1.0591989
1.0592927
1.0592927
1.0598556
1.0600431
1.0601369
1.0604184
1.0605122
1.0605122
1.0606998
1.0608875
1.0610751
1.0610751
1.0611689
1.0611689
1.0612627
1.0618256
1.0619195
1.0619195
1.0620133
1.0621071
1.0622009
1.0622947
1.0622947
1.0622947
1.0623885
1.0623885
1.0625762
1.06267
1.0627638
1.0628576
1.0629514
1.0631391
1.0633267
1.0634205
1.1235651
1.1320121
1.1366688
1.1402426
1.1431665
1.1438164
1.1439246
1.1442496
1.1443578
1.1454408
1.1476067
1.1487979
1.1490145
1.1500975
1.1520468
1.1533463
1.1538877
1.1549708
1.1584362
1.1591942
1.163093
1.1639593
1.1639593
1.1645007
1.1670998
1.1676413
1.1676413
1.1680745
1.1683993
1.1686159
1.1695906
1.169699
1.169699
1.1702404
1.1715399
1.1731644
1.1739224
1.1743556
1.1756552
1.1764133
1.1772796
1.1772796
1.177388
1.1783626
1.1786875
1.178904
1.1790324
1.2891175
1.1458058
1.1522837
1.1778656
1.1820377
1.1842337
1.1870883
1.1936759
1.1958717
1.1964207
1.1666479
1.1870997
1.2021575
1.2158669
1.216204
1.217103
1.2173278
1.217665
1.2192382
1.2205865
1.2212608
1.2215979
1.2232835
1.2238454
1.0606296
1.073868
1.0814328
1.0843253
1.0845478
1.0876627
1.094115
1.0948938
1.09634
1.0974524
1.0984536
1.0991211
1.1011236
1.102681
1.103126
1.1033485
1.1083547
1.1101346
1.1112471
1.0075992
1.0100385
1.0168872
1.0204521
1.0207336
1.0219532
1.0223285
1.023079
1.0233605
1.0242987
1.0247678
1.0254245
1.0255183
1.0257998
1.0259874
1.0266441
1.0278637
1.0281452
1.0281452
1.0284266
1.0285205
1.0291772
1.0303968
1.0306783
1.0309597
1.0312412
1.0312412
1.0315226
1.0317103
1.0325546
1.0331175
1.0343372
1.0347124
1.0349001
1.0355568
1.0356506
1.0358382
1.0358382
1.0363073
1.0363073
1.0372455
1.0373393
1.0374331
1.0376208
1.0378084
1.0378084
1.0379022
1.0382775
1.0382775
1.0383713
1.0384651
1.0388404
1.0388404
1.0388404
1.0388404
1.0389342
1.0392157
1.0394033
1.0402477
1.0409044
1.0409044
1.041092
1.0413735
1.0413735
1.041655
1.0419364
1.0419364
1.0419364
1.0423117
1.0424993
1.0426869
1.0427808
1.0428746
1.0428746
1.0428746
1.0430622
1.0432498
1.0436251
1.0436251
1.0438128
1.0443757
1.0447509
1.0448447
1.0449386
1.0450324
1.04522
1.04522
1.04522
1.0455953
1.0455953
1.0463458
1.0463458
1.0465335
1.0470026
1.0470026
1.047284
1.0475655
1.0475655
1.0478469
1.0479407
1.0480345
1.0481284
1.0481284
1.048316
1.048316
1.048316
1.0484098
1.0484098
1.0485036
1.0485975
1.0486913
1.0488789
1.0499109
1.0500047
1.0500985
1.0500985
1.05038
1.0504738
1.0506614
1.0507553
1.0507553
1.0509429
1.0509429
1.0511305
1.0513182
1.0513182
1.0515058
1.0519749
1.0520687
1.0520687
1.0520687
1.0521625
1.0522563
1.0523502
1.0527254
1.0527254
1.0531007
1.0531007
1.0531945
1.0531945
1.0532883
1.053476
1.053476
1.0536636
1.0537574
1.0537574
1.0538512
1.0539451
1.0539451
1.0543203
1.054508
1.0546956
1.0547894
1.0552585
1.0552585
1.0552585
1.0553523
1.0553523
1.0554461
1.0554461
1.0556338
1.0558214
1.0558214
1.056009
1.0561029
1.0561029
1.0562905
1.0564781
1.0564781
1.0564781
1.0567596
1.0567596
1.0569472
1.057041
1.0571349
1.0572287
1.0572287
1.0573225
1.0574163
1.0575101
1.057604
1.057604
1.0576978
1.0577916
1.111436
1.120966
1.1265974
1.1347195
1.141867
1.1454408
1.1458739
1.1467403
1.149556
1.1552956
1.1604939
1.1608187
1.1614685
1.1616851
1.1616851
1.1651505
1.1665584
1.1212089
1.1227831
1.1343268
1.1392591
1.1423024
1.1620317
1.1686431
1.1691678
1.1692728
1.1699024
1.170637
1.1728408
1.1752545
1.1753595
1.1729249
1.1911507
1.1940053
1.1999341
1.2171717
1.2231005
1.2240887
1.0828183
1.1209124
1.1216991
1.1305765
1.1359704
1.1898987
1.2396262