7.744723
7.9582515
8.059198
8.120743
7.744723
7.9582515
8.059198
8.120743
9.681178
9.922677
9.946827
9.993503
10.078298
10.086528
10.145982
7.8679876
8.058912
8.243448
8.939658
8.98048
9.029384
9.03757
9.095708
9.115542
9.116591
9.143247
9.157729
9.17515
9.181446
9.232763
9.248714
9.249554
9.283345
9.301816
9.303809
9.314094
9.327211
9.341589
9.359429
9.386504
6.7618847
6.891594
6.9531956
7.0225625
7.023402
9.922156
9.964646
9.966184
9.990558
10.031621
10.056873
10.080479
10.13823
10.153931
10.183355
10.193895
10.195982
10.198617
10.215855
10.241985
10.267018
10.267347
10.269544
10.28151
10.288318
10.288648
10.301932
10.313351
10.360453
10.374835
10.376043
10.38307
10.394817
10.395696
10.397563
10.397673
10.416008
7.296333
7.3173037
7.323452
7.3514495
7.369236
7.376592
7.3794465
7.4018445
7.4039307
7.411067
7.4183135
7.421827
7.4230347
7.4401627
7.445652
7.447958
7.451801
7.472991
7.4762845
7.4800177
7.482323
7.4905577
7.492644
7.4948397
7.500988
7.5018663
7.5077953
7.513395
7.519543
7.5258017
7.5359025
7.5390863
7.5396357
7.5432587
7.5497365
7.556763
7.575428
7.577734
7.5816865
7.5847607
7.59047
7.5926657
7.593544
7.5970573
7.5976067
7.5993633
7.6060605
7.6088057
7.610672
7.61188
7.6136365
7.6158323
7.6231885
7.624506
7.6262627
7.627141
7.6301055
7.634497
7.6389985
7.6449275
7.650088
7.6529427
7.6556873
9.349814
9.569389
9.71862
9.772447
7.147994
7.3773456
10.347091
10.497052
10.502614
10.505396
10.569919
10.590834
10.650128
10.729558
10.761375
10.786962
10.797752
10.811325
10.827011
10.836801
10.855268
10.858605
6.827901
7.071532
7.08121
7.107465
7.1208143
