221750	228532
225939	223917
214843	208894
208103	239512
222034	236601
217513	240638
215819	242186
227432	232199
232136	230523
213397	238933
211517	245187
221510	241966
220006	229188
234110	211163
238531	221889
195903	190676
239441	228274
225928	209936
217093	224724
215110	223343
217713	230917
221110	213471
240040	209546
225296	228031
225491	215175
221259	233174
213048	208864
190087	218082
226141	209245
232728	216632
210864	233627
222545	205668
218937	220621
208327	216395
213289	252025
208639	226670
229098	234964
249296	237078
247354	236082
251877	213190
221441	215369
215067	213737
217148	229815
215468	219985
223109	224695
198770	210348
234438	229808
219294	218578
239265	221825
229817	239642
233514	207379
238517	231379
223258	208224
241606	211662
221204	233590
224926	212450
239157	242487
204084	231418
222474	228807
224402	225800
228856	209641
230288	229018
236216	214063
253228	232142
245751	230990
222934	226502
223926	196553
237009	224052
220104	217792
249437	240139
219480	245733
218179	234369
221016	211876
230175	217963
202404	218381
245959	197237
213173	211827
204429	240365
230237	239114
212976	229992
221778	248482
224222	224989
220362	238624
236513	210668
225196	269843
211734	227938
239193	222134
218097	233750
199540	236466
220602	213638
207773	225573
226429	245361
221741	216183
218344	205252
239536	220493
214810	204816
217340	246569
231809	233472
207662	219274
204993	208096
217308	212155
240916	231379
211028	239218
251422	217795
215027	214215
240525	226090
207127	232700
231118	229715
227865	222285
221380	215877
220669	220562
228315	219400
237419	214104
218621	206635
239231	218915
223777	221934
222548	235091
212820	232274
228750	237337
233976	209481
194612	221074
195217	208789
219412	214271
217547	220025
190877	208705
203024	230543
220115	222492
229159	215519
217294	250809
229854	214515
208327	242640
209898	231588
220949	237772
226892	206159
234297	224368
236561	232914
208518	232807
220171	245944
224501	228945
222971	232096
224322	239925
207022	227464
223511	231912
221028	207362
213824	199853
220528	210189
223075	235143
218116	218580
227107	223841
217589	246804
240882	226662
223352	211314
235061	228734
222950	211960
224393	238806
218684	238478
225089	225327
203013	228130
218016	214720
245976	240845
220096	216706
230806	226280
227916	231726
236031	230801
244819	239175
231048	226212
227122	242044
224776	202605
241440	235664
240051	254722
213631	210341
235645	223407
213418	218957
187471	220353
224203	239688
213416	231060
214254	231436
200619	232200
223732	246822
217575	227952
201115	222725
217461	195836
232415	222651
201886	203142
226072	217982
228065	237517
210200	222782
232816	242475
224274	210277
212880	239430
222598	226414
233275	216984
213268	229243
224613	186875
234702	221096
194103	245458
235995	226479
198249	203359
218522	213955
199672	205861
214071	213380
192231	211162
230109	215477
237625	202404
236574	219928
196022	230426
210317	236233
221350	210677
206207	206733
211218	229169
209921	224231
243453	216751
198155	208206
228192	239315
228248	225819
228314	230190
216518	232435
220942	226841
250630	204401
209075	252694
227638	213589
214410	239112
234874	244105
217049	215289
225169	249611
214969	219769
222089	248337
240542	229271
224232	225225
218306	232089
212630	233860
234720	211450
227087	223144
212291	227967
204996	224576
227974	231352
219741	222824
225018	228804
258562	222562
225561	216767
234305	233302
234634	216800
222003	218110
216622	214714
214339	220024
207163	234155
227480	236542
230755	220673
217563	216451
217676	231319
232621	239301
216740	214535
239990	212832
228649	223658
232454	226120
213233	236698
240116	215391
246088	225247
236491	228193
239001	221249
220053	223633
234772	241409
228413	229719
257124	203780
222816	237591
225517	219977
223563	220536
217372	237261
218031	213115
219094	248323
205360	207473
215994	218424
220986	221970
224621	222621
240710	231352
217403	243603
233688	223582
219521	209452
247454	226977
255196	221595
233265	227665
245883	240791
234927	217773
219234	212179
200224	221310
222309	201060
221946	232462
221222	222011
197651	215993
214167	216205
226841	244800
208948	215758
235947	240424
215811	215102
222938	204191
218757	255628
215750	233934
202069	230127
231193	221691
231481	220517
219152	238402
241311	244931
234360	222879
213197	208948
211350	229650
226561	232994
203752	246629
208366	227038
222594	212776
204811	216040
245686	229756
246449	237739
233833	221993
226261	217121
219988	225382
221308	212291
214073	224603
230909	213205
230268	216656
198634	202987
242746	231287
221979	223916
229317	227403
209702	240136
211863	219484
234172	228326
245354	215097
211085	218612
231844	234215
219498	218195
219656	210905
223254	198251
204218	219785
210006	230626
223024	221091
212731	209373
226228	223196
214327	220205
225710	245137
233770	236084
204546	213302
230563	227977
212351	232009
230126	259796
201161	236619
224610	238959
218864	240446
222581	220336
243901	227029
224668	209508
242650	198168
226778	221375
214719	205934
215745	237086
211084	206928
224291	218106
207832	248463
207850	220788
223713	229505
199816	236914
228745	251763
225189	202142
239186	229384
236598	206521
196790	214559
220029	237087
221728	218506
208558	235823
219914	237546
207611	241735
218600	233715
206307	226836
209996	252834
199565	241495
218595	197690
224962	233677
225392	205792
247361	236943
235348	231213
209104	245041
226687	248884
226265	235399
229297	235622
225099	250299
226849	225378
238163	240122
225871	229324
233335	233233
218979	220136
224835	220262
236123	220174
235734	208489
244411	220410
213546	228582
226672	239358
221641	233965
225380	250515
242595	208157
208202	229707
218318	243260
232971	213940
217828	215828
234507	235506
208475	221520
231283	206068
227044	204004
215702	248843
222836	222954
246690	229103
223593	237800
214467	218221
216983	219264
194320	243248
235754	228033
227766	232635
226384	218927
232941	221074
207515	227330
232826	228285
216761	238511
219360	212793
237461	221486
221122	211900
220355	208533
221596	225096
222105	216924
238510	231013
235588	206799
238083	226994
240443	218647
218096	232041
224021	209455
242444	230925
224057	239470
233313	236523
223496	215346
212468	227512
217560	218724
217266	217384
255673	223486
213950	214337
232772	230519
232336	237450
241915	231033
223430	202359
233367	224891
221529	234058
203379	235507
203172	211181
204020	211007
220446	207294
239804	222769
231109	203186
212676	233667
211981	211137
221544	223456
220656	215845
228242	214925
204301	226189
229076	221289
232116	208715
203364	206397
226959	218433
230867	238884
228316	228703
234120	216747
231297	207069
211841	213430
210994	215550
199584	236115
224034	220155
223424	219420
223962	229165
222391	214369
225376	222034
225459	227812
241525	237990
212671	212283
226564	224934
220676	243610
218889	234892
208753	228399
204470	255873
211767	222219
209893	241168
217447	235589
230547	234231
234873	231576
216435	208599
230702	249781
205064	212536
220253	223596
231867	217647
232382	231754
225299	209637
200580	242210
225811	226883
224729	243866
230451	239538
225256	223937
