48465	44536
17970	152269
48550	44432
17959	153135
18057	151587
46653	45931
48416	44740
49356	43299
48196	44812
17689	155964
17469	157628
18394	148363
46799	45645
44720	47959
53441	39492
49222	43607
49727	43130
17480	156762
17809	155521
17314	160996
18139	150820
18481	147681
62587	33483
47153	45265
45335	47073
44866	47673
55091	38426
48868	43987
17458	158680
17763	155620
17567	156080
17918	153475
17462	158169
18365	148841
18577	147533
61414	33681
66554	30926
64176	32078
48835	44090
47671	45004
48078	44947
44291	48982
45481	46787
44520	48695
45220	47293
56402	37655
52515	40085
17850	154938
17909	154890
16912	166636
16724	174492
18354	149707
18675	145640
156281	16178
65135	31739
60362	34855
66787	30790
64321	31877
48689	44376
44437	48696
46512	46119
44621	48338
45835	46407
52494	40317
53812	39343
52102	41016
52661	39799
16945	164249
16901	167502
16735	173626
16656	177819
16757	172105
18452	147814
18901	143661
60373	34132
65745	31430
66904	30745
63136	32828
63605	32743
73196	27636
48194	44944
45640	46600
47517	45232
46353	46146
52081	41248
53958	39057
52135	40774
51968	41324
54311	38733
54227	38909
53032	39630
51801	41350
50092	42744
16882	167655
17085	161827
16934	165115
17032	163567
16768	171239
16613	181954
16689	175432
16575	183957
18226	149793
20563	124938
62956	33000
64094	32190
59706	35146
59321	35306
60122	35037
63750	32542
71967	28519
45994	46220
45025	47486
44596	48509
48035	44971
55548	38139
55608	37991
55524	38167
52114	41006
52281	40488
50621	42308
54177	39041
55877	37843
54682	38564
55622	37962
53957	39312
50463	42575
49958	43052
50071	42976
51175	41531
17368	160685
17172	161145
17074	162693
17275	161001
16835	168200
16646	179567
16532	188092
16561	186638
20205	127432
20811	122343
20151	127781
165191	15558
62470	33604
62843	33192
65615	31436
72043	28371
74281	27311
69665	29523
46512	45959
55474	38299
54868	38478
57174	37101
55979	37822
56919	37220
51980	41314
50600	42540
56248	37674
55476	38248
51546	41362
51041	41839
51154	41763
52100	41213
17396	158960
16824	169066
16802	170587
16572	185772
18659	146826
29761	81087
29108	82514
19979	129411
20585	124322
19898	131125
20319	127023
20377	125802
19872	131260
20179	127567
20265	127372
155979	16179
162636	15678
164102	15630
65502	31628
64049	32326
59000	35644
58519	36131
57948	36672
75368	26601
71898	28572
71930	28563
74365	27026
56434	37588
55239	38309
57545	36932
56773	37506
57559	36903
50895	42125
51020	42071
18957	142685
17378	160367
17385	159826
16756	172393
16529	189907
19961	130818
20093	129002
20785	122478
19841	131474
19672	133104
20491	125393
20501	125310
19815	131609
20324	126839
20065	129285
20626	124288
19905	130873
63936	32518
58294	36450
74231	27334
73407	27496
43081	50215
56805	37419
57745	36817
56550	37538
18946	143551
16723	174780
16610	183769
29209	82225
24488	96250
23966	99198
19586	134608
19979	130720
19615	133453
20131	128894
20701	123466
20516	125166
20291	127306
157445	16131
154522	16221
166943	15527
58343	36182
60157	34933
58212	36560
72177	28022
70021	29182
72933	27921
16642	180918
28611	83933
28687	83626
27871	85646
27810	85966
24140	98056
23870	99745
24044	99156
23595	100742
19475	135875
19210	138934
19115	141238
19426	136196
20430	125766
157149	16131
164091	15656
168032	15455
72043	28330
72064	28214
70883	28784
68791	29708
71639	28683
28700	83138
28469	83938
28031	85234
25321	93394
19085	141638
19153	139283
19328	138089
20445	125622
20356	126823
160877	15721
170192	15426
68657	30016
70749	29092
73022	27744
74297	27263
68678	29900
70770	28976
67609	30153
69749	29238
71024	28757
68317	30133
68839	29627
68365	30052
43455	49833
26907	88521
26680	88960
28355	84385
29298	81430
28335	84720
19214	138498
19135	140690
19013	141705
19353	137439
19379	137304
19133	141111
18964	142026
20149	128649
20057	129337
164740	15584
159788	15793
157822	15944
159288	15896
69615	29546
67475	30461
72800	27970
67496	30345
66380	31036
67135	30578
69842	29202
68726	29819
43601	49547
43809	49453
27094	87857
29180	82238
27509	86452
28953	82677
29803	80718
29798	80969
29118	82416
28933	83012
22992	103291
19414	136654
19579	135460
18866	143919
18946	143433
19761	132364
166900	15555
161179	15720
162645	15672
69708	29510
66246	31344
74030	27444
66267	31228
69729	29394
69368	29627
43955	49167
27692	86149
28107	84744
29612	81317
23363	101747
23610	99796
25743	90940
18752	144328
19549	135670
169455	15435
84109	22812
83192	23028
70644	29130
42967	50833
27851	85953
27054	88039
18943	143639
175920	15411
83964	23013
83996	23004
83047	23229
80609	24160
83079	23220
70866	28904
29613	81303
24172	97563
26470	89392
85771	22252
84854	22468
82683	23333
81566	23667
139141	16910
27979	85625
26962	88174
25392	91649
27708	86111
26691	88660
27466	86618
21216	117646
85626	22453
85658	22444
78781	25144
78180	25353
84709	22669
84741	22660
77864	25360
77030	25773
78983	24799
80334	24420
79217	24754
81421	23868
141490	16727
138601	16967
21807	111982
23469	100982
27172	86970
26155	89519
24408	96336
25391	93141
25928	90790
26007	90763
88180	21787
81364	24012
75597	26485
80447	24228
77719	25561
78838	25000
77651	25644
80769	24025
147654	16482
145353	16590
140950	16784
144783	16652
138971	16928
22033	110003
27787	86084
26770	88633
24048	98339
26149	90058
25737	91479
25258	93835
21158	118231
21556	115258
21302	117451
87603	21996
80302	24429
76489	26087
75068	26776
78186	25157
79539	24551
150765	16376
144243	16709
145164	16644
143694	16724
141320	16745
41039	51997
21896	110140
24881	94014
20663	123717
21528	115472
21414	115881
136621	17052
89897	21612
87263	22003
74923	26977
78041	25358
81888	23464
156929	16131
152526	16325
144613	16670
146732	16531
41393	51617
22087	109451
22055	109944
21798	112033
21684	113446
22343	106861
21731	112496
24841	95151
24521	96017
20633	124088
20828	121361
140650	16835
139384	16904
132658	17251
127046	17540
124372	17755
122940	17885
86686	22212
89759	21785
76475	26248
76811	25884
78502	25150
81743	23665
79305	24596
157631	16083
155330	16191
152896	16286
40643	52269
41911	51356
21861	111430
22270	107065
21829	111923
22238	107558
21572	114012
21651	114010
21519	115802
21652	113526
24712	95328
23903	99512
20816	121702
139765	16896
128596	17488
136687	17034
127427	17532
131075	17323
126969	17668
75245	26774
79160	24797
75919	26282
151467	16328
156542	16155
154241	16263
149918	16405
40279	53422
40217	53440
43016	50766
22717	103786
22172	108958
22105	109421
22586	105752
22073	109914
22685	104279
21407	116368
20981	119346
140040	16884
128060	17517
132625	17271
132886	17196
129776	17349
77594	25687
75390	26573
75774	26483
150378	16400
146055	16542
151130	16369
149641	16461
38226	55368
22552	106142
23557	100774
23033	102473
22520	106635
21095	118937
20702	122825
20769	122652
144040	16721
140421	16876
136886	17033
133267	17188
136915	16979
140559	16865
133805	17132
133776	17186
74208	27373
149348	16467
36971	58142
38188	55970
38852	54343
21321	116958
20912	121323
20928	120846
138636	16956
132470	17292
140915	16816
137296	16971
144559	16702
137805	16969
149729	16459
37597	57117
38814	54945
39552	54209
134819	17109
33934	67788
138819	16946
135355	17080
130790	17326
95322	20580
32877	70043
36341	59381
131326	17297
127009	17639
99116	20125
32531	71065
36624	58239
95744	20471
97363	20392
93675	20798
97400	20340
33052	69423
32257	71714
37628	56543
36368	59344
38147	56210
37250	57214
99505	20055
99538	20016
101194	19885
31279	75596
34006	67322
31753	74089
32769	70565
34163	66665
31911	72736
38773	55185
94827	20687
97908	20136
93497	20966
30784	77478
31800	73954
31061	76489
29968	79671
33735	67821
31416	74618
32432	71094
35424	62328
39777	53489
35963	60081
99532	20037
101702	19681
97763	20337
111169	18806
106290	19443
106424	19136
30394	78586
30715	77511
30489	78029
33452	68963
31133	75760
31056	76621
32149	72236
35079	63575
41768	51561
40291	52867
37218	57307
35783	61067
35535	61954
36589	59056
35618	61328
103326	19582
94854	20669
95771	20453
101557	19882
93085	20969
94002	20753
108021	19055
110151	18938
102630	19591
109418	19022
109367	19028
90730	21159
29899	80468
30915	76944
30858	77396
30206	79171
33040	70015
34899	64561
35500	62209
35527	62172
34558	65217
42884	50842
42282	50939
37844	56282
38332	55349
34999	64058
35438	62314
34751	64945
34953	64171
35801	60777
35097	62970
99565	19998
97796	20298
104260	19471
104227	19510
106390	19354
111420	18766
105606	19444
92250	21095
90153	21368
92327	21078
92065	21133
94524	20704
33386	68993
38958	54324
34354	65424
37056	58003
35373	62650
97090	20444
106339	19379
100466	19926
90008	21569
33669	67851
39555	53690
34009	66671
38170	56045
34791	64867
110965	18820
114404	18521
112324	18642
104742	19460
40497	52675
34192	66120
33488	68313
38796	55020
114435	18403
100948	19915
111452	18680
116032	18322
110641	18858
118162	18205
119431	18033
112792	18614
107658	19135
117372	18256
118857	18108
121028	17952
116448	18310
123158	17835
120771	17967
109031	19030
114337	18549
120235	17996
126095	17688
113801	18578
123962	17798
117252	18273
121832	17915
128444	17505
116784	18301
124717	17703
118408	18202
